0	1	0
0.009999833334167	0.999950000416665	0.039989334186634
0.019998666693333	0.999800006666578	0.079914693969173
0.029995500202496	0.999550033748987	0.119712207288919
0.039989334186634	0.999200106660978	0.159318206614246
0.049979169270678	0.998750260394966	0.198669330795061
0.059964006479445	0.998200539935204	0.237702626427135
0.069942847337533	0.99755100025328	0.276355648564114
0.079914693969173	0.996801706302619	0.314566560616118
0.089878549198011	0.995952733011994	0.35227423327509
0.099833416646828	0.995004165278026	0.38941834230865
0.109778300837175	0.993956097956697	0.425939465066
0.119712207288919	0.992808635853866	0.461779175541483
0.129634142619695	0.991561893714788	0.496880137843737
0.139543114644236	0.990215996212637	0.531186197920883
0.149438132473599	0.988771077936042	0.564642473395035
0.159318206614246	0.987227283375627	0.597195441362392
0.169182349066996	0.985584766909561	0.628793024018469
0.179029573425824	0.983843692788121	0.659384671971473
0.188858894976501	0.98200423511727	0.688921445110551
0.198669330795061	0.980066577841242	0.717356090899523
0.2084598998461	0.978030914724148	0.744643119970859
0.218229623080869	0.975897449330605	0.770738878898969
0.227977523535188	0.973666395005375	0.795601620036366
0.237702626427135	0.97133797485203	0.819191568300998
0.247403959254523	0.968912421710645	0.841470984807896
0.257080551892155	0.966389978134513	0.862404227243338
0.266731436688831	0.963770896365891	0.881957806884948
0.276355648564114	0.961055438310771	0.900100442176505
0.285952225104835	0.958243875512697	0.916803108771767
0.29552020666134	0.955336489125606	0.932039085967226
0.305058636443443	0.952333569885713	0.945783999449539
0.314566560616118	0.949235418082441	0.958015860289225
0.324043028394868	0.946042343528387	0.968715100118265
0.333487092140814	0.942754665528346	0.977864602435316
0.342897807455451	0.939372712847379	0.98544972998846
0.35227423327509	0.935896823677935	0.991458348191686
0.361615431964962	0.932327345606034	0.99588084453764
0.370920469412983	0.92866463557651	0.998710143975583
0.380188415123161	0.924909059857313	0.999941720229966
0.38941834230865	0.921060994002885	0.999573603041505
0.398609327984423	0.917120822816605	0.997606381319174
0.40776045305957	0.913088940312308	0.994043202198076
0.416870802429211	0.908965749674885	0.988889766004701
0.425939465066	0.904751663219963	0.982154317137618
0.43496553411123	0.900447102352677	0.973847630878195
0.44394810696552	0.896052497525525	0.963982996152448
0.452886285379068	0.891568288195329	0.952576194271595
0.461779175541483	0.886994922779284	0.939645473685325
0.470625888171158	0.882332858610121	0.925211520788168
0.479425538604203	0.877582561890373	0.909297426825682
0.488177246882908	0.872744507645751	0.89192865095338
0.496880137843737	0.86781917967765	0.873132979507516
0.505533341204847	0.862807070514761	0.852940481552876
0.514135991653113	0.857708681363824	0.831383460778683
0.522687228930659	0.852524522059506	0.80849640381959
0.531186197920883	0.847255111013416	0.78431592508442
0.539632048733969	0.841900975162269	0.758880708180922
0.548023936791874	0.836462649915187	0.732231444030251
0.556361022912784	0.830940679100164	0.704410765770176
0.564642473395035	0.825335614909678	0.675463180551151
0.572867460100481	0.819648017845479	0.645434998334371
0.581035160537305	0.813878456662534	0.614374257805712
0.58914475794227	0.808027508312152	0.582330649524082
0.597195441362392	0.802095757884293	0.549355436427127
0.60518640573604	0.796083798549056	0.515501371821464
0.613116851973434	0.789992231497365	0.480822614988648
0.62098598703656	0.783821665880849	0.445374644541871
0.628793024018469	0.777572718750928	0.409214169672017
0.636537182221968	0.771246014997107	0.372399039425055
0.644217687237691	0.764842187284488	0.334988150155905
0.651833771021537	0.758361875990508	0.297041351306832
0.659384671971473	0.751805729140895	0.258619349661111
0.666869635003698	0.74517440234487	0.219783612225117
0.674287911628145	0.738468558729588	0.180596267894233
0.681638760023334	0.731688868873821	0.141120008059867
0.688921445110551	0.724836010740905	0.101417986316602
0.696135238627357	0.717910669610943	0.061553717429913
0.70327941920041	0.710913538012277	0.021590975726096
0.710353272417608	0.703845315652236	-0.018406306933054
0.717356090899523	0.696706709347165	-0.05837414342758
0.724287174370143	0.689498432951747	-0.098248593745109
0.731145829726896	0.682221207287614	-0.137965867271227
0.737931371109963	0.674875760071267	-0.177462424840861
0.744643119970859	0.667462825841308	-0.21667508038738
0.751280405140293	0.659983145884982	-0.255541102026831
0.757842562895277	0.652437468164052	-0.293998312415568
0.764328937025505	0.644826547240001	-0.331985188220734
0.770738878898969	0.63715114419858	-0.369440958544477
0.777071747526824	0.629412026573697	-0.406305702144417
0.783326909627483	0.621609968270664	-0.442520443294852
0.789503739689951	0.613745749488812	-0.478027246135343
0.795601620036366	0.605820156643463	-0.512769307355724
0.801619940883777	0.597833982287298	-0.546691047069287
0.807558100405114	0.589788025031098	-0.579738197728743
0.813415504789374	0.581683089463883	-0.611857890942719
0.819191568300998	0.573519986072457	-0.642998742053909
0.82488571333845	0.565299531160354	-0.673110932343562
0.83049737049197	0.557022546766217	-0.702146288730805
0.836025978600521	0.548689860581588	-0.7300583608393
0.841470984807896	0.54030230586814	-0.756802495307928
0.846831844618015	0.531860721374355	-0.782335907226653
0.852108021949363	0.52336595125165	-0.806617748583241
0.857298989188603	0.514818844969955	-0.829609173611371
0.862404227243338	0.506220257232778	-0.851273400935574
0.867423225594017	0.497571047891727	-0.871575772413588
0.872355482344986	0.488872081860527	-0.890483808581988
0.877200504274682	0.480124229028534	-0.907967260616405
0.881957806884948	0.47132836417374	-0.923998158723188
0.886626914449487	0.462485366875301	-0.938550856885108
0.891207360061435	0.453596121425577	-0.951602073889516
0.895698685680048	0.444661516741707	-0.963130930573317
0.900100442176505	0.435682446276712	-0.973118983225174
0.904412189378826	0.426659807930157	-0.981550253091516
0.908633496115883	0.417594503958358	-0.988411251939131
0.912763940260521	0.408487440884157	-0.993691003633465
0.916803108771767	0.399339529406273	-0.997381061698093
0.920750597736136	0.39015168430823	-0.999475522827284
0.92460601240802	0.380924824366882	-0.999971036330024
0.928368967249167	0.371659872260533	-0.998866809490414
0.932039085967226	0.362357754476674	-0.996164608835841
0.935616001553386	0.35301940121933	-0.991868757310913
0.939099356319068	0.343645746316047	-0.98598612736167
0.942488801931697	0.334237727124503	-0.978526129941139
0.945783999449539	0.324796284438776	-0.969500699453809
0.948984619355586	0.315322362395269	-0.958924274663139
0.952090341590516	0.305816908378289	-0.946813775592609
0.955100855584692	0.296280872925319	-0.933188576457298
0.958015860289225	0.286715209631955	-0.918070474669267
0.960835064206073	0.277120875056558	-0.901483655966355
0.963558185417193	0.267498828624587	-0.883454655720153
0.966184951612734	0.25785003253267	-0.864012316485074
0.968715100118265	0.248175451652373	-0.843187741856417
0.971148377921045	0.238476053433723	-0.821014246711247
0.973484541695319	0.228752807808459	-0.797527303911704
0.975723357826659	0.219006687093041	-0.772764487555987
0.977864602435316	0.209238665891419	-0.746765412867812
0.979908061398614	0.199449720997573	-0.719571672820508
0.98185353037236	0.189640831297834	-0.691226771597126
0.983700814811277	0.179812977672999	-0.661776054993037
0.98544972998846	0.169967142900241	-0.631266637872321
0.98710010101385	0.160104311554831	-0.599747328794044
0.98865176285172	0.150225469911686	-0.567268551928969
0.990104560337178	0.140331605846737	-0.533882266391644
0.991458348191686	0.130423708738146	-0.499641883116902
0.992712991037588	0.120502769367367	-0.464602179413757
0.993868363411645	0.11056977982007	-0.428819211333396
0.994924349777581	0.100625733386932	-0.392350223991454
0.99588084453764	0.09067162446431	-0.355253559988043
0.996737752043143	0.080708448454801	-0.317588566072035
0.997494986604055	0.070737201667703	-0.279415498198926
0.998152472497548	0.060758881219386	-0.240795425134159
0.998710143975583	0.050774484933579	-0.201790130756129
0.999167945271476	0.040785011241591	-0.162462015215154
0.999525830605479	0.030791459082466	-0.12287399510655
0.999783764189357	0.020794827803093	-0.083089402817496
0.999941720229966	0.010796117058267	-0.043171885208729
0.999999682931835	0.000796326710733	-0.003185301793138
0.99995764649874	-0.009203543268808	0.036806377425827
0.999815615134291	-0.019202492901693	0.076739174292519
0.999573603041505	-0.029199522301289	0.116549204850494
0.99923163442139	-0.039193631772988	0.156172781543212
0.998789743470524	-0.049183821914171	0.195546515100544
0.998247974377632	-0.059169093714148	0.234607415948081
0.997606381319174	-0.069148448654062	0.273292994977013
0.996865028453919	-0.079120888806734	0.311541363513379
0.996023989916537	-0.089085416936459	0.349291332326736
0.99508334981018	-0.099041036598728	0.386482509519879
0.994043202198076	-0.108986752239871	0.423055397142997
0.992903651094118	-0.118921569296612	0.45895148637769
0.991664810452468	-0.128844494295525	0.494113351138608
0.990326804156158	-0.138754534952378	0.528484739942931
0.988889766004701	-0.148650700271364	0.562010665900743
0.987353839700716	-0.158532000644198	0.594637494682329
0.985719178835553	-0.168397447949077	0.626313030321656
0.983985946873937	-0.178246055649492	0.656986598718789
0.982154317137618	-0.18807683889288	0.686609128707638
0.980224472788045	-0.197888814609109	0.715133230559358
0.978196606808045	-0.207681001608784	0.742513271795802
0.976070921982524	-0.217452420681365	0.768705450191756
0.973847630878195	-0.227202094693087	0.793667863849153
0.971526955822315	-0.236929048684675	0.817360578231173
0.969109128880456	-0.246632309968834	0.83974569004898
0.966594391833297	-0.256310908227523	0.860787387898902
0.963982996152448	-0.26596387560898	0.880452009553034
0.9612752029753	-0.275590246824513	0.898708095811627
0.958471283078914	-0.285189059245021	0.91552644083109
0.955571516852944	-0.294759352997261	0.930880138847114
0.952576194271595	-0.304300171059833	0.944744627218154
0.94948561486463	-0.313810559358882	0.957097725720417
0.946300087687414	-0.323289566863504	0.967919672031487
0.94301993129001	-0.332736245680845	0.977193153345823
0.939645473685325	-0.342149651150898	0.984903334071561
0.936177052316306	-0.35152884194096	0.99103787956429
0.932615014022201	-0.360872880139767	0.995586975859855
0.928959715003869	-0.370180831351287	0.998543345374605
0.925211520788168	-0.379451764788154	0.999902258547975
0.921370806191395	-0.388684753364752	0.999661541408774
0.91743795528181	-0.397878873789916	0.997821579053074
0.913413361341225	-0.407033206659265	0.99438531502814
0.909297426825682	-0.416146836547142	0.989358246623382
0.905090563325201	-0.425218852098153	0.982748416075862
0.900793191522627	-0.4342483461183	0.974566397704435
0.89640574115156	-0.443234415665709	0.964825280993091
0.89192865095338	-0.452176162140912	0.953540649650574
0.887362368633375	-0.461072691376713	0.940730556679773
0.882707350815974	-0.469923113727602	0.926415495496766
0.877964062999078	-0.47872654415872	0.91061836714573
0.873132979507516	-0.487482102334359	0.893364443662152
0.868214583445613	-0.496188912705999	0.874681327642965
0.863209366648874	-0.504846104599858	0.85459890808828
0.858117829634809	-0.513452812303959	0.833149312585366
0.852940481552876	-0.522008175154707	0.810366855911355
0.84767784013357	-0.530511337622945	0.786287985136929
0.842330431636646	-0.538961449399512	0.760951221318774
0.836898790798498	-0.547357665480271	0.734397097874113
0.831383460778683	-0.555699146250613	0.706668095735878
0.825784993105608	-0.56398505756941	0.677808575392287
0.820103947621374	-0.572214570852437	0.647864705919518
0.814340892425796	-0.580386863155222	0.616884391121045
0.80849640381959	-0.588501117255346	0.584917192891762
0.802571066246747	-0.59655652173416	0.552014251929533
0.796565472236087	-0.60455227105793	0.518228205920975
0.790480222342005	-0.612487565658385	0.4836131053324
0.78431592508442	-0.62036161201268	0.448224326940585
0.778073196887921	-0.628173622722739	0.412118485241757
0.771752662020126	-0.635922816594003	0.375353341880461
0.765354952529254	-0.643608418713541	0.337987713243268
0.758880708180922	-0.651229660527546	0.300081376365083
0.752330576394171	-0.658785779918188	0.261694973298663
0.74570521217672	-0.666276021279824	0.222889914100246
0.739005278059471	-0.673699635594561	0.183728278586583
0.732231444030251	-0.681055880507152	0.144272717020457
0.72538438746682	-0.688344020399238	0.104586349883635
0.718464793069126	-0.695563326462902	0.064732666897566
0.711473352790844	-0.702713076773554	0.024775425453358
0.704410765770176	-0.70979255636212	-0.015221451386432
0.697277738259938	-0.716801057286543	-0.055193977151075
0.690074983556936	-0.723737878702569	-0.095078204326361
0.68280322193064	-0.730602326933837	-0.134810326656995
0.675463180551151	-0.737393715541245	-0.17432678122298
0.668055593416491	-0.744111365391592	-0.213564350126739
0.660581201279201	-0.750754604725491	-0.252460261628258
0.653040751572265	-0.757322769224544	-0.290952290566491
0.645434998334371	-0.763815202077774	-0.328978857906327
0.637764702134504	-0.770231254047307	-0.366479129251928
0.630030629995892	-0.776570283533293	-0.40339311216877
0.622233555319305	-0.782831656638065	-0.43966175215875
0.614374257805712	-0.789014747229531	-0.47522702713478
0.606453523378315	-0.795118937003784	-0.510032040243754
0.598472144103957	-0.801143615546934	-0.54402111088937
0.590430918113913	-0.807088180396146	-0.577139863809211
0.582330649524082	-0.81295203709989	-0.609335316063561
0.574172148354572	-0.818734599277382	-0.640555961796812
0.565956230448703	-0.824435288677222	-0.670751854635837
0.557683717391417	-0.830053535235222	-0.699874687593544
0.549355436427127	-0.835588777131408	-0.727877870349737
0.540972220376989	-0.841040460846201	-0.754716603785701
0.532534907555621	-0.846408041215776	-0.780347951653232
0.524044341687276	-0.851690981486566	-0.804730909263467
0.515501371821464	-0.856888753368947	-0.827826469085654
0.506906852248053	-0.862000837090064	-0.849597683150864
0.498261642411839	-0.867026721445802	-0.870009722160873
0.4895666068266	-0.871965903851917	-0.889029931207599
0.480822614988648	-0.876817890394281	-0.906627882013998
0.472030541289883	-0.881582195878286	-0.922775421612807
0.463191264930345	-0.886258343877352	-0.937446717385293
0.454305669830306	-0.890845866780576	-0.95061829838793
0.445374644541871	-0.895344305839492	-0.962269092900902
0.436399082160126	-0.899753211213941	-0.972380462138356
0.42737988023383	-0.904072142017061	-0.980936230066492
0.418317940675659	-0.90830066635937	-0.987922709281756
0.409214169672017	-0.912438361391958	-0.993328722907774
0.400069477592419	-0.916484813348769	-0.997145622475965
0.390884778898452	-0.920439617587981	-0.99936730176125
0.381660992052332	-0.924302378632464	-0.999990206550704
0.372399039425055	-0.928072710209333	-0.999013340329543
0.363099847204168	-0.931750235288572	-0.996438265875335
0.353764345301143	-0.935334586120739	-0.992269102757886
0.34439346725839	-0.938825404273736	-0.98651252074881
0.334988150155905	-0.942222340668658	-0.979177729151317
0.32554933451756	-0.945525055614696	-0.97027646206729
0.316077964217054	-0.948733218843107	-0.959822959625228
0.306574986383523	-0.951846509540242	-0.947833945199077
0.297041351306832	-0.954864616379626	-0.934328598654398
0.287478012342544	-0.95778723755309	-0.919328525664676
0.277885925816587	-0.960614080800952	-0.90285772314685
0.268266050929618	-0.963344863441243	-0.884942540871364
0.258619349661111	-0.965979312397975	-0.865611639308158
0.248946786673153	-0.968517164228447	-0.844895943776026
0.239249329213982	-0.97095816514959	-0.822828594968709
0.229527947021264	-0.973302071063349	-0.799444895936846
0.219783612225117	-0.975548647581083	-0.774782255610634
0.210017299250899	-0.977697670047013	-0.74888012895351
0.200229984721771	-0.979748923560684	-0.721779953842635
0.190422647361027	-0.981702202998454	-0.693525084777122
0.180596267894233	-0.983557313034006	-0.664160723520095
0.170751828951145	-0.985314068157884	-0.633733846785499
0.160890314967456	-0.986972292696037	-0.602293131085391
0.151012712086344	-0.988531820827396	-0.569888874857894
0.141120008059867	-0.989992496600445	-0.536572918000435
0.131213192150184	-0.991354173948826	-0.502398558936958
0.12129325503063	-0.992616716705937	-0.467420469351827
0.11136118868665	-0.993779998618555	-0.43169460672678
0.101417986316602	-0.994843903359459	-0.39527812482091
0.091464642232437	-0.995808324539061	-0.358229282236827
0.081502151760269	-0.996673165716047	-0.320607349219338
0.071531511140843	-0.997438340407019	-0.282472512835684
0.061553717429913	-0.998103772095146	-0.243885780689082
0.051569768398535	-0.998669394237814	-0.204908883319571
0.041580662433291	-0.999135150273279	-0.165604175448309
0.031587398436454	-0.999500993626328	-0.126034536223339
0.021590975726096	-0.999766887712928	-0.086263268626344
0.011592393936158	-0.999932805943894	-0.046353998201397
0.001592652916487	-0.999998731727539	-0.006370571267652
-0.008407247367149	-0.999964658471342	0.033623047221137
-0.018406306933054	-0.999830589582598	0.073562876006908
-0.028403525883604	-0.999596538468086	0.113385019883642
-0.038397904505235	-0.999262528532721	0.153025771916079
-0.048388443368414	-0.998828593177219	0.192421715357206
-0.05837414342758	-0.998294775794753	0.231509825101539
-0.068354006121048	-0.997661129766617	0.270227568511837
-0.078327033470865	-0.996927718456887	0.308513005457991
-0.088292228182608	-0.996094615206081	0.346304887408008
-0.098248593745109	-0.99516190332383	0.38354275541261
-0.108195134530108	-0.994129676080546	0.420167036826641
-0.118130855891818	-0.992998036698093	0.456119140612605
-0.12805476426638	-0.991767098339465	0.491341551073814
-0.137965867271227	-0.990436984097473	0.525777919867248
-0.147863173804319	-0.989007826982433	0.559373156148867
-0.157745694143249	-0.987479769908865	0.592073514707225
-0.167612440044218	-0.985852965681203	0.623826681944329
-0.177462424840861	-0.984127576978514	0.654581859566253
-0.187294663542903	-0.982303776338232	0.684289845849551
-0.19710817293467	-0.980381746138899	0.712903114353539
-0.2069019716734	-0.978361678581934	0.740375889952449
-0.21667508038738	-0.97624377567241	0.766664222065866
-0.226426521773883	-0.974028249198852	0.791726054970291
-0.236155320696897	-0.971715320712062	0.815521295079313
-0.245860504284637	-0.969305221502961	0.838011875084807
-0.255541102026831	-0.966798192579461	0.859161814856496
-0.265196145871773	-0.964194484642366	0.878937279002494
-0.274824670323124	-0.961494358060299	0.897306630998707
-0.284425712536462	-0.958698082843669	0.914240483800529
-0.293998312415568	-0.955805938617666	0.929711746855837
-0.303541512708429	-0.952818214594305	0.943695669444105
-0.31305435910297	-0.949735209543496	0.956169880272267
-0.322535900322479	-0.946557231763176	0.967114423264024
-0.331985188220734	-0.943284599048476	0.976511789485297
-0.341401277876821	-0.939917638659938	0.9843469451548
-0.35078322768962	-0.936456687290796	0.99060735569487
-0.360130099471969	-0.932902091033303	0.995283005784128
-0.369440958544477	-0.929254205344123	0.998366415379847
-0.378714873828998	-0.925513395008784	0.999852651684436
-0.38795091794173	-0.921680034105203	0.999739337036853
-0.39714816728596	-0.917754505966276	0.998026652716362
-0.406305702144417	-0.913737203141545	0.994717338652522
-0.415422606771246	-0.909628527357944	0.989816689041886
-0.424497969483583	-0.90542888947963	0.983332543878415
-0.433530882752718	-0.901138709466889	0.975275276411161
-0.442520443294852	-0.896758416334147	0.965657776549277
-0.451465752161423	-0.892288448107068	0.954495430240921
-0.460365914828998	-0.88772925177875	0.941806094859011
-0.469220041288727	-0.883081283265026	0.927610070633246
-0.478027246135343	-0.878345007358874	0.911930068174061
-0.486786648655699	-0.873520897683938	0.894791172140504
-0.495497372916845	-0.868609436647165	0.876220801110125
-0.504158547853611	-0.863611115390566	0.856248663715105
-0.512769307355724	-0.858526433742102	0.83490671111478
-0.521328790354407	-0.8533559001657	0.812229085880604
-0.529836140908493	-0.848100031710408	0.788252067375316
-0.538290508290018	-0.842759353958694	0.763014013713701
-0.546691047069287	-0.83733440097388	0.736555300397785
-0.555036917199424	-0.831825715246746	0.708918255724651
-0.56332728410037	-0.826233847641272	0.680147093070185
-0.571561318742344	-0.820559357339561	0.650287840157117
-0.579738197728743	-0.814802811785912	0.619388265420469
-0.587857103378483	-0.808964786630085	0.587497801588267
-0.595917223807764	-0.803045865669731	0.554667466599702
-0.603917753011261	-0.797046640792012	0.520949781987327
-0.611857890942719	-0.790967711914417	0.486398688853798
-0.619736843594963	-0.784809686924768	0.451069461577624
-0.627553823079294	-0.778573181620432	0.415018619385944
-0.635308047704276	-0.772258819646744	0.378303835935832
-0.642998742053909	-0.765867232434637	0.340983847048736
-0.650625137065167	-0.759399059137508	0.303118356745702
-0.658186470104905	-0.752854946567295	0.264767941733678
-0.665681985046119	-0.746235549129803	0.225993954495693
-0.673110932343562	-0.739541528759258	0.186858425139989
-0.680472569108694	-0.73277355485212	0.147423962165064
-0.687766159183974	-0.72593230420014	0.107753652299444
-0.694990973216472	-0.719018460922681	0.067910959576364
-0.702146288730805	-0.71203271639831	0.027959623804862
-0.709231390201386	-0.704975769195658	-0.012036441400329
-0.716245569123971	-0.697848325003564	-0.052013250866914
-0.723188124086512	-0.690651096560508	-0.091906850227682
-0.7300583608393	-0.683384803583336	-0.131653418233833
-0.736855592364383	-0.676050172695292	-0.171189368855376
-0.743579138944275	-0.668647937353351	-0.2104514530052
-0.750228328229919	-0.66117883777488	-0.249376859724133
-0.756802495307928	-0.653643620863612	-0.287903316665065
-0.763300982767073	-0.646043040134959	-0.325969189715432
-0.769723140764024	-0.638377855640659	-0.363513581598642
-0.776068327088332	-0.630648833892775	-0.40047642929672
-0.782335907226653	-0.622856747787041	-0.436798600138338
-0.788525254426195	-0.615002376525574	-0.472421986398466
-0.794635749757397	-0.607086505538955	-0.507289598258342
-0.800666782175818	-0.599109926407685	-0.541345654977011
-0.806617748583241	-0.591073436783031	-0.574535674128631
-0.812488053887984	-0.582977840307259	-0.606806558762718
-0.81827711106441	-0.574823946533269	-0.638106682347947
-0.823984341211626	-0.566612570843644	-0.668385971363588
-0.829609173611371	-0.55834453436911	-0.697595985406447
-0.835151045785093	-0.550020663906425	-0.725689994685196
-0.840609403550194	-0.541641791835699	-0.752623054778057
-0.845983701075446	-0.533208756037154	-0.778352078534298
-0.851273400935574	-0.524722399807346	-0.80283590500447
-0.856477974165001	-0.516183571774825	-0.82603536528916
-0.861596900310741	-0.507593125815277	-0.847913345200867
-0.866629667484444	-0.49895192096614	-0.868434844638788
-0.871575772413588	-0.490260821340699	-0.887567033581504
-0.876434720491801	-0.481520696041674	-0.905279304608026
-0.881206025828325	-0.47273241907431	-0.921543321863127
-0.885889211296603	-0.46389686925898	-0.936333066388672
-0.890483808581988	-0.455014930143305	-0.949624877748395
-0.894989358228584	-0.446087489913793	-0.961397491879557
-0.899405409685178	-0.437115441307028	-0.971632075110905
-0.903731521350306	-0.428099681520393	-0.980312254292531
-0.907967260616405	-0.419041112122356	-0.987424142989415
-0.91211220391308	-0.409940638962306	-0.992956363696766
-0.916165936749455	-0.400799172079975	-0.996900066041596
-0.920128053755624	-0.391617625614435	-0.999248940941432
-0.923998158723188	-0.38239691771268	-0.999999230697499
-0.927775864644875	-0.373137970437818	-0.999149735006242
-0.931460793753243	-0.363841709676858	-0.996701812879551
-0.935052577558449	-0.354509065048131	-0.992659380470633
-0.938550856885108	-0.345140969808323	-0.987028904809002
-0.941955281908201	-0.335738360759151	-0.979819393454614
-0.945265512188063	-0.326302178153683	-0.971042380087687
-0.948481216704426	-0.316833365602318	-0.960711906057281
-0.951602073889516	-0.307332869978419	-0.948844497918124
-0.954627771660216	-0.297801641323633	-0.935459140991664
-0.957558007449271	-0.288240632752882	-0.92057724899359
-0.960392488235543	-0.278650800359055	-0.904222629776466
-0.963130930573317	-0.269033103117399	-0.886421447242238
-0.965773060620639	-0.259388502789626	-0.867202179485581
-0.968318614166707	-0.249717963827731	-0.846595573235012
-0.970767336658288	-0.24002245327755	-0.824634594664691
-0.973118983225174	-0.230302940682059	-0.801354376655569
-0.975373318704667	-0.220560397984419	-0.776792162590283
-0.977530117665097	-0.21079579943078	-0.750987246771676
-0.979589164428367	-0.20101012147286	-0.723980911560303
-0.981550253091516	-0.191204342670301	-0.695816361331455
-0.983413187547311	-0.181379443592811	-0.666538653357386
-0.98517778150386	-0.171536406722112	-0.636194625725274
-0.986843858503237	-0.161676216353687	-0.604832822406284
-0.988411251939131	-0.151799858498355	-0.572503415595562
-0.989879805073504	-0.141908320783673	-0.539258125447438
-0.991249371052267	-0.13200259235517	-0.505150137334196
-0.992519812919963	-0.122083663777433	-0.470234016760835
-0.993691003633465	-0.112152526935054	-0.434565622071893
-0.994762826074676	-0.102210174933442	-0.398202015090029
-0.995735173062245	-0.092257601999512	-0.361201369829252
-0.996607947362286	-0.082295803382262	-0.323622879428932
-0.997381061698093	-0.072325775253255	-0.285526661457391
-0.998054438758879	-0.062348514606992	-0.246973661736621
-0.998628011207499	-0.052365019161226	-0.20802555684198
-0.999101721687185	-0.042376287257182	-0.168744655432811
-0.999475522827284	-0.032383317759725	-0.129193798571889
-0.999749377247994	-0.022387109957477	-0.089436259193122
-0.999923257564101	-0.012388663462891	-0.049535640878368
-0.999997146387718	-0.002388978112282	-0.009555776105247
-0.999971036330024	0.007610946134148	0.030439375871184
-0.999844930002004	0.017610109292307	0.070385831339613
-0.999618840014185	0.027607511454212	0.110219684492737
-0.999292788975378	0.037602152887977	0.149877209662952
-0.998866809490414	0.047593034137788	0.189294963269806
-0.998340944156888	0.057579156123847	0.228409885316203
-0.997715245560893	0.067559520242275	0.267159400270935
-0.99698977627177	0.077533128464979	0.305481517176199
-0.996164608835841	0.087498983439446	0.343314928819895
-0.995239825769163	0.097456088588487	0.380599109814096
-0.994215519549271	0.10740344820988	0.417274413422736
-0.993091792605935	0.117340067575955	0.453282166983695
-0.991868757310913	0.127264953033056	0.488564765772518
-0.990546535966713	0.137177112100908	0.523065765157699
-0.98912526079437	0.147075553571863	0.556729970900038
-0.987605073920215	0.156959287610023	0.589503527451662
-0.98598612736167	0.166827325850222	0.621334004113409
-0.984268583012041	0.176678681496857	0.65217047891276
-0.982452612624332	0.186512369422576	0.681963620068136
-0.980538397794069	0.196327406266778	0.710665764909212
-0.978526129941139	0.206122810533958	0.738230996127046
-0.97641601029065	0.215897602691854	0.764615215231955
-0.974208249852809	0.225650805269396	0.78977621310171
-0.971903069401821	0.235381442954451	0.813673737507105
-0.969500699453809	0.245088542691362	0.836269557506963
-0.967001380243766	0.254771133778243	0.857527524609467
-0.96440536170153	0.264428247964056	0.877413630602046
-0.961712903426793	0.274058919545427	0.895896061957253
-0.958924274663139	0.283662185463226	0.912945250727628
-0.956039754271118	0.293237085398863	0.928533921848105
-0.953059630700368	0.302782661870324	0.942637136770299
-0.949984201960761	0.312297960327916	0.955232333358857
-0.946813775592609	0.321782029249722	0.96629936198607
-0.943548668635907	0.331233920236754	0.975820517766976
-0.940189207598628	0.34065268810779	0.983780568883396
-0.936735728424079	0.350037390993891	0.990166780951598
-0.933188576457298	0.35938709043259	0.994968937394591
-0.929548106410525	0.368700851461733	0.998179355786473
-0.925814682327732	0.377977742712981	0.999792900142669
-0.921988677548216	0.387216836504937	0.999806989136414
-0.918070474669267	0.396417208935922	0.998221600228323
-0.914060465507907	0.405577939976361	0.995039269702451
-0.909959051061711	0.414698113560782	0.990265088608778
-0.905766641468704	0.423776817679428	0.983906694618616
-0.901483655966355	0.432813144469452	0.975974259805965
-0.897110522849642	0.441806190305705	0.966480474374363
-0.892647679428235	0.450755055891099	0.955440526355268
-0.888095571982754	0.459658846346532	0.942872077310444
-0.883454655720153	0.468516671300377	0.92879523407724
-0.87872539472819	0.477327644977522	0.913232516601929
-0.873908261929022	0.48609088628794	0.896208821912602
-0.869003739031916	0.494805518914805	0.877751384289231
-0.864012316485074	0.503470671402114	0.857889731694642
-0.858934493426592	0.512085477241841	0.836655638536056
-0.853770777634543	0.520649074960579	0.81408307483283
-0.848521685476204	0.529160608205696	0.790208151871663
-0.843187741856417	0.537619225830956	0.765069064436252
-0.837769480165098	0.546024081981648	0.738706029703773
-0.832267442223901	0.554374336179161	0.711161222905982
-0.826682178232036	0.562669153405033	0.682478709857843
-0.821014246711247	0.570907704184454	0.652704376461626
-0.815264214449963	0.57908916466921	0.621885855299246
-0.809432656446619	0.587212716720073	0.590072449430293
-0.803520155852155	0.595277547988607	0.557315053517658
-0.797527303911704	0.603282851998404	0.523666072406936
-0.791454699905466	0.611227828225735	0.489179337289832
-0.785302951088781	0.619111682179599	0.453910019585758
-0.779072672631403	0.626933625481169	0.417914542679321
-0.772764487555987	0.634692875942635	0.38125049165494
-0.766379026675784	0.642388657645414	0.343976521173016
-0.759916928531561	0.650020201017752	0.306152261634959
-0.753378839327747	0.657586742911669	0.267838223787285
-0.746765412867812	0.665087526679283	0.229095701917322
-0.740077310488894	0.672521802248466	0.189986675795438
-0.733315200995656	0.679888826197857	0.15057371152061
-0.726479760593413	0.687187861831201	0.110919861428028
-0.719571672820508	0.694418179251016	0.0710885632188
-0.712591628479961	0.701579055431586	0.031143538473176
-0.705540325570392	0.70866977429126	-0.008851309290404
-0.698418469216213	0.715689626764061	-0.048831996847298
-0.691226771597126	0.722637910870592	-0.088734563626177
-0.683965951876901	0.729513931788232	-0.128495174032281
-0.676636736131457	0.736317001920619	-0.168050219570776
-0.669239857276262	0.74304644096641	-0.207336420606759
-0.661776054993037	0.749701575987308	-0.246290927599185
-0.654246075655791	0.756281741475356	-0.284851421646711
-0.646650672256183	0.762786279419488	-0.322956214184666
-0.638990604328224	0.769214539371333	-0.360544345673576
-0.631266637872321	0.77556587851025	-0.397555683121436
-0.623479545278685	0.781839661707619	-0.433931016283655
-0.615630105250086	0.788035261590348	-0.469612152386833
-0.607719102723986	0.794152058603611	-0.504542009224775
-0.599747328794044	0.800189441072806	-0.538664706477846
-0.591715580631009	0.806146805264716	-0.571925655109564
-0.583624661403007	0.812023555447886	-0.604271644697403
-0.575475380195217	0.817819103952195	-0.635650928558135
-0.567268551928969	0.823532871227622	-0.666013306531474
-0.559004997280249	0.829164285902202	-0.695310205289626
-0.550685542597638	0.83471278483916	-0.723494756044245
-0.54231101981967	0.840177813193225	-0.75052186952651
-0.533882266391644	0.845558824466117	-0.776348308120325
-0.525400125181879	0.850855280561193	-0.80093275503329
-0.516865444397429	0.856066651837255	-0.824235880394741
-0.508279077499258	0.861192417161521	-0.846220404175171
-0.499641883116902	0.866232063961728	-0.866851155826312
-0.490954724962601	0.871185088277398	-0.886095130546516
-0.482218471744932	0.876050994810224	-0.903921542081392
-0.473433997081935	0.880829296973609	-0.920301871975248
-0.464602179413757	0.885519516941319	-0.935209915194539
-0.455723901914805	0.890121185695265	-0.948621822050328
-0.44680005240543	0.894633843072407	-0.960516136352698
-0.437831523263147	0.899057037810768	-0.970873829736085
-0.428819211333396	0.903390327594559	-0.979678332100598
-0.419764017839859	0.907633279098413	-0.986915558120649
-0.410666848294341	0.911785468030717	-0.992573929778464
-0.401528612406215	0.915846479176035	-0.996644394886445
-0.392350223991454	0.919815906436639	-0.999120441568739
-0.383132600881251	0.92369335287311	-0.99999810867885
-0.373876664830236	0.927478430744036	-0.999275992136628
-0.364583341424301	0.931170761544783	-0.996955247174496
-0.355253559988043	0.934769976045349	-0.993039586489328
-0.345888253491829	0.938275714327282	-0.987535274302924
-0.336488358458504	0.941687625819677	-0.980451116340591
-0.327054814869741	0.945005369334228	-0.971798445743863
-0.317588566072035	0.948228613099346	-0.961591104939891
-0.308090558682378	0.951357034793342	-0.94984542349651
-0.298561742493594	0.954390321576654	-0.936580191998417
-0.289003070379361	0.957328170123131	-0.921816631986246
-0.279415498198926	0.960170286650366	-0.905578362006624
-0.269799984701516	0.962916386949075	-0.887891359827539
-0.260157491430468	0.965566196411518	-0.868783920879449
-0.250488982627075	0.968119450058955	-0.84828661298864
-0.240795425134159	0.970575892568149	-0.826432227475208
-0.231077788299392	0.972935278296897	-0.803255726693955
-0.221337043878359	0.975197371308593	-0.778794188102072
-0.211574165937385	0.977361945395819	-0.753086744943127
-0.201790130756129	0.979428784102971	-0.726174523642211
-0.191985916729955	0.981397680747901	-0.698100578012437
-0.182162504272095	0.983268438442585	-0.668909820378022
-0.17232087571561	0.985040870112812	-0.638648949724155
-0.162462015215154	0.986714798516892	-0.607366376988573
-0.152586908648561	0.98829005626338	-0.575112147614392
-0.142696543518258	0.989766485827815	-0.541937861488074
-0.132791908852517	0.991143939568469	-0.507896590390622
-0.12287399510655	0.992422279741117	-0.47304279309404
-0.112943794063467	0.993601378512806	-0.43743222823892
-0.103002298735098	0.994681117974643	-0.401121865132517
-0.093050503262689	0.99566139015358	-0.36416979261
-0.083089402817496	0.996542097023217	-0.326635126104722
-0.073119993501263	0.997323150513601	-0.288577913076121
-0.063143272246613	0.998004472520033	-0.250059036946603
-0.053160236717356	0.998585994910881	-0.211140119701049
-0.043171885208729	0.99906765953439	-0.171883423304801
-0.033179216547557	0.999449418224499	-0.132351750097773
-0.02318322999238	0.999731232805658	-0.092608342324123
-0.013184925133521	0.999913075096642	-0.052716780958143
-0.003185301793138	0.999994926913375	-0.012740883988281
0.00681464007477	0.999976780070743	0.027255395678052
0.01681390048435	0.999858636383415	0.067208072525475
